Hong Han 840987237 
100 90 91 92 93 94 58 98 89 96 
40 10 20 80 89 78 
100 100 100 100 
Ven Kamf 321564237 
100 90 91 92 93 94 100 16 58 56 
40 10 20 80 89 78 
100 89 85 36 
Hola Vechi 123456789 
100 90 91 92 93 94 78 59 98 78 
40 10 20 80 89 78 
89 98 85 73 
Messi Balon 987654321 
100 90 91 92 93 94 45 69 39 18 
40 10 20 80 89 78 
99 90 80 73 
Venta Vol 345637237 
100 90 91 92 93 94 78 98 78 58 
40 10 20 80 89 78 
89 90 80 73 
Tiken Tok 870987237 
95 96 96 97 93 94 95 50 30 10 
98 90 85 80 89 78 
50 90 80 73 
Talon Huff 321387237 
100 90 91 92 93 94 95 50 30 10 
40 10 20 80 89 78 
45 90 80 73 
Lee Jong 840654237 
100 90 91 92 93 94 95 50 30 10 
40 10 20 80 89 78 
36 90 80 73 
Hover Mofer 450987237 
89 89 89 78 69 89 78 96 36 75 
40 10 20 80 89 78 
89 90 80 73 
Heisen Berje 640987237 
89 96 98 98 78 69 98 89 87 85 
40 10 20 80 89 78 
98 90 80 73 