Hong Han 740987237
100 100 100 100 100 100 100 100 100 c
40 10 20 80 89 78
100 100 100 100
Ven Kamf 321564237
100 100 100 100 100 100 100 100 100 100
40 10 20 80 89 78
100 89 85 36
Hola Vechi 123456789
100 100 100 100 100 100 100 100 100 100
10 10 10 10 10 10
89 98 85 73
Messi Balon 987654321
100 100 100 100 100 100 100 100 100 100
40 10 20 80 89 78
99 90 80 73
Venta Vol 345637237
100 100 100 100 100 100 100 100 100 100
40 10 20 80 89 78
89 90 80 73
Tiken Tok 870987237
100 100 100 100 100 100 100 100 100 100
98 90 85 80 89 78
50 90 80 73
Talon Huff 321387237
100 100 100 100 100 100 100 100 100 100
40 10 20 80 89 78
45 90 80 73
Lee Jong 840654237
100 100 100 100 100 100 100 100 100 100
98 90 85 80 89 78
50 90 80 73
Hover Mofer 450987237
100 100 100 100 100 100 100 100 100 100
40 10 20 80 89 78
89 90 80 73
Heisen Berje 640987237
100 100 100 100 100 100 100 100 100 100
40 10 20 80 89 78
98 90 80 73
Jenkins Leroy 640987237
100 100 100 100 100 100 100 100 100 100
12 12 12 12 12 12
12 12 12 12